sessions <- c('170126', '170216', '170613', '170711', '170914', 'laboratorio_01', 'laboratorio_02', 'laboratorio_03', 'laboratorio_04', 'laboratorio_05', 'laboratorio_06', 'laboratorio_07');

cases_170126 <- array(c(5, 5, 5, 4, 5, 6), dim = c(6, 1), dimnames = list(exercise = c('01-censura_la_prima', '02-studiare_stanca', '03-piramide_di_numeri', '04-disegna_serpente', '05-stampante_configurabile', '06-righello_orizzontale'), c("cases")));

results_170126 <- array(
    c(1, 1, 1, 1, 1, 1, 1, 1, 1, 1, 1, 1, 1, 1, 1, 1, 0, 0, 1, 0, 1, 0, 1, 0, 1, 0, 1, 1, 1, 1, 0, 1, 0, 0, 1, 0, 1, 0, 1, 0, 0, 0, 1, 1, 1, 0, 0, 1, 0, 0, 1, 0, 1, 0, 0, 0, 1, 0, 1, 1, 1, 0, 0, 1, 0, 0, 1, 0, 0, 0, 1, 0, 0, 0, 1, 1, 1, 0, 0, 1, 0, 0, 0, 0, 0, 0, 1, 0, 0, 0, 1, 1, 0, 0, 0, 1, 1, 1, 1, 0, 1, 0, 1, 1, 1, 1, 1, 1, 1, 1, 1, 1, 0, 0, 1, 0, 1, 0, 1, 0, 1, 0, 1, 1, 1, 1, 0, 1, 0, 0, 1, 0, 1, 0, 0, 0, 0, 0, 1, 1, 1, 0, 0, 1, 0, 0, 1, 0, 1, 0, 0, 0, 1, 0, 1, 1, 1, 0, 0, 1, 0, 0, 1, 0, 0, 0, 1, 0, 0, 0, 1, 1, 1, 0, 0, 1, 0, 0, 0, 0, 0, 0, 0, 0, 0, 0, 0, 1, 0, 0, 0, 0, 5, 0, 0, NA, 0, NA, 0, 5, 0, 0, 0, 0, 0, 0, 0, 0, NA, NA, 0, NA, 0, NA, 0, NA, 0, NA, 0, 0, 0, 0, NA, 0, NA, NA, 0, NA, 0, NA, NA, NA, NA, NA, 0, 0, 0, NA, NA, 0, NA, NA, 0, NA, 0, NA, 0, NA, 0, NA, 0, 0, 0, NA, NA, 0, NA, NA, 0, NA, NA, NA, NA, NA, NA, NA, 4, 0, 2, NA, NA, 0, NA, NA, NA, NA, NA, NA, NA, NA, NA, NA, NA, 0, NA, NA, NA, NA, 0, 0, 0, NA, 0, NA, 0, 0, 0, 0, 0, 0, 0, 0, 0, 0, NA, NA, 0, NA, 2, NA, 0, NA, 4, NA, 0, 0, 0, 3, NA, 4, NA, NA, 0, NA, 0, NA, NA, NA, NA, NA, 0, 0, 0, NA, NA, 0, NA, NA, 0, NA, 0, NA, 4, NA, 1, NA, 1, 0, 0, NA, NA, 0, NA, NA, 4, NA, NA, NA, NA, NA, NA, NA, 1, 0, 3, NA, NA, 5, NA, NA, NA, NA, NA, NA, NA, NA, NA, NA, NA, 4, NA, NA, NA, NA, 0, 5, 5, NA, 5, NA, 5, 0, 5, 5, 5, 5, 5, 5, 5, 5, NA, NA, 5, NA, 3, NA, 5, NA, 1, NA, 5, 5, 5, 2, NA, 1, NA, NA, 5, NA, 5, NA, NA, NA, NA, NA, 5, 5, 5, NA, NA, 5, NA, NA, 4, NA, 4, NA, 0, NA, 3, NA, 3, 4, 4, NA, NA, 4, NA, NA, 1, NA, NA, NA, NA, NA, NA, NA, 0, 5, 0, NA, NA, 0, NA, NA, NA, NA, NA, NA, NA, NA, NA, NA, NA, 2, NA, NA, NA, NA), 
    dim = c(16, 6, 5), 
    dimnames = list(
        uids = c('828035', '840537', '858673', '871599', '871806', '872868', '873489', '874225', '885299', '885432', '885681', '885778', '885982', '891304', '895687', '900179'), 
        exercises = c('01-censura_la_prima', '02-studiare_stanca', '03-piramide_di_numeri', '04-disegna_serpente', '05-stampante_configurabile', '06-righello_orizzontale'), 
        kinds = c('uploaded', 'compiles', 'errors', 'diffs', 'oks')
    )
)

cases_170216 <- array(c(5, 5, 5, 15, 11, 5), dim = c(6, 1), dimnames = list(exercise = c('01-abbastanza_risparmi', '02-parole_incatenate', '03-u_inscatolate', '04-nave_piu_lunga', '05-tra_parentesi', '06-distesa_di_piramidi'), c("cases")));

results_170216 <- array(
    c(1, 1, 1, 1, 1, 1, 1, 1, 1, 1, 1, 1, 1, 1, 1, 1, 1, 1, 1, 1, 1, 1, 1, 1, 1, 1, 1, 1, 1, 1, 1, 1, 0, 1, 1, 1, 1, 1, 0, 1, 1, 1, 1, 1, 0, 1, 1, 1, 1, 1, 1, 1, 1, 1, 1, 1, 1, 1, 1, 1, 1, 1, 1, 0, 1, 1, 0, 0, 1, 0, 1, 1, 0, 1, 1, 0, 1, 0, 1, 1, 1, 0, 0, 1, 1, 1, 1, 1, 1, 1, 1, 0, 1, 1, 1, 1, 1, 1, 1, 1, 0, 1, 1, 0, 0, 1, 0, 1, 1, 0, 1, 0, 0, 1, 0, 1, 0, 1, 0, 1, 0, 0, 1, 0, 1, 1, 1, 0, 0, 1, 1, 1, 1, 0, 1, 1, 1, 0, 1, 1, 0, 0, 1, 0, 0, 0, 0, 1, 0, 0, 1, 0, 0, 0, 0, 0, 0, 1, 1, 1, 1, 1, 1, 0, 0, 0, 1, 1, 1, 0, 1, 1, 1, 1, 0, 0, 0, 0, 0, 0, 0, 0, 0, 0, 1, 0, 0, 0, 0, 0, 0, 0, 0, 1, 0, 0, 1, 0, 0, 1, 0, 1, 0, 1, 1, 1, 0, 1, 0, 1, 1, 0, 0, 0, 0, 0, 1, 0, 1, 0, 0, 0, 1, 1, 1, 1, 1, 1, 1, 1, 1, 1, 1, 1, 1, 1, 1, 1, 1, 1, 1, 1, 1, 1, 1, 1, 1, 1, 1, 1, 1, 0, 1, 1, 0, 1, 1, 0, 1, 1, 0, 1, 0, 1, 1, 1, 0, 1, 1, 1, 1, 1, 1, 1, 1, 1, 0, 1, 1, 1, 1, 1, 1, 1, 1, 0, 1, 1, 0, 0, 1, 0, 1, 1, 0, 1, 1, 0, 1, 0, 1, 1, 1, 0, 0, 1, 1, 1, 1, 1, 1, 1, 1, 0, 1, 1, 1, 1, 1, 1, 1, 1, 0, 1, 1, 0, 0, 1, 0, 1, 1, 0, 1, 0, 0, 1, 0, 1, 0, 1, 0, 0, 0, 0, 1, 0, 1, 1, 1, 0, 0, 1, 1, 1, 1, 0, 1, 1, 1, 0, 1, 0, 0, 0, 0, 0, 0, 0, 0, 1, 0, 0, 1, 0, 0, 0, 0, 0, 0, 1, 1, 1, 0, 0, 1, 0, 0, 0, 1, 1, 1, 0, 1, 0, 1, 1, 0, 0, 0, 0, 0, 0, 0, 0, 0, 0, 0, 0, 0, 0, 0, 0, 0, 0, 0, 1, 0, 0, 1, 0, 0, 1, 0, 1, 0, 1, 1, 1, 0, 1, 0, 1, 1, 0, 0, 0, 0, 0, 1, 0, 1, 0, 0, 0, 0, 2, 0, 0, 0, 0, 0, 0, 0, 0, 0, 0, 0, 0, 0, 0, 0, 0, 0, 0, 0, 0, 0, 0, 0, 0, 0, 0, 0, NA, 1, 0, NA, 0, 0, NA, 0, 0, NA, 0, NA, 0, 0, 0, NA, 0, 0, 0, 0, 0, 0, 0, 0, 0, NA, 0, 0, 0, 0, 0, 0, 0, 0, NA, 0, 0, NA, NA, 1, NA, 0, 0, NA, 4, 0, NA, 0, NA, 0, 0, 0, NA, NA, 0, 0, 0, 0, 0, 0, 0, 0, NA, 0, 5, 0, 0, 0, 0, 0, 0, NA, 0, 0, NA, NA, 0, NA, 0, 0, NA, 0, NA, NA, 0, NA, 0, NA, 0, NA, NA, NA, NA, 0, NA, 15, 0, 0, NA, NA, 0, 0, 0, 0, NA, 0, 0, 0, NA, 15, NA, NA, NA, NA, NA, NA, NA, NA, 0, NA, NA, 11, NA, NA, NA, NA, NA, 0, 0, 0, 0, NA, NA, 0, NA, NA, NA, 2, 2, 0, NA, 0, NA, 0, 0, NA, NA, NA, NA, NA, 0, NA, NA, NA, NA, NA, NA, NA, NA, NA, NA, NA, NA, NA, 0, NA, NA, 0, 0, NA, 0, NA, 0, NA, 0, 4, 0, NA, 0, NA, 0, 0, NA, NA, NA, NA, NA, NA, NA, 0, NA, NA, 0, 0, 1, 0, 5, 0, 2, 0, 3, 0, 0, 0, 0, 0, 0, 0, 0, 0, 0, 0, 0, 0, 0, 0, 0, 0, 0, 1, 0, 0, NA, 3, 0, NA, 0, 0, NA, 0, 0, NA, 0, NA, 0, 2, 0, NA, 0, 0, 0, 0, 0, 0, 0, 1, 0, NA, 0, 0, 2, 0, 1, 0, 0, 0, NA, 0, 0, NA, NA, 1, NA, 0, 0, NA, 1, 0, NA, 0, NA, 0, 5, 0, NA, NA, 0, 0, 0, 0, 0, 0, 0, 0, NA, 0, 0, 0, 0, 0, 0, 0, 0, NA, 5, 1, NA, NA, 0, NA, 0, 3, NA, 5, NA, NA, 6, NA, 15, NA, 6, NA, NA, NA, NA, 6, NA, 0, 0, 15, NA, NA, 13, 6, 6, 1, NA, 7, 0, 0, NA, 0, NA, NA, NA, NA, NA, NA, NA, NA, 15, NA, NA, 0, NA, NA, NA, NA, NA, 4, 3, 3, 1, NA, NA, 4, NA, NA, NA, 0, 1, 3, NA, 4, NA, 1, 0, NA, NA, NA, NA, NA, 3, NA, NA, NA, NA, NA, NA, NA, NA, NA, NA, NA, NA, NA, 4, NA, NA, 3, 3, NA, 0, NA, 0, NA, 0, 0, 3, NA, 2, NA, 0, 1, NA, NA, NA, NA, NA, NA, NA, 2, NA, NA, 3, 5, 2, 5, 0, 5, 3, 5, 2, 5, 5, 5, 5, 5, 5, 5, 5, 5, 5, 5, 5, 5, 5, 5, 5, 5, 5, 4, 5, 5, NA, 1, 5, NA, 5, 5, NA, 5, 5, NA, 5, NA, 5, 3, 5, NA, 5, 5, 5, 5, 5, 5, 5, 4, 5, NA, 5, 5, 3, 5, 4, 5, 5, 5, NA, 5, 5, NA, NA, 3, NA, 5, 5, NA, 0, 5, NA, 5, NA, 5, 0, 5, NA, NA, 5, 5, 5, 5, 5, 5, 5, 5, NA, 5, 0, 5, 5, 5, 5, 5, 5, NA, 0, 4, NA, NA, 5, NA, 5, 2, NA, 0, NA, NA, 9, NA, 0, NA, 9, NA, NA, NA, NA, 9, NA, 0, 15, 0, NA, NA, 2, 9, 9, 14, NA, 8, 15, 15, NA, 0, NA, NA, NA, NA, NA, NA, NA, NA, 0, NA, NA, 0, NA, NA, NA, NA, NA, 7, 8, 8, 10, NA, NA, 7, NA, NA, NA, 9, 8, 8, NA, 7, NA, 10, 11, NA, NA, NA, NA, NA, 8, NA, NA, NA, NA, NA, NA, NA, NA, NA, NA, NA, NA, NA, 1, NA, NA, 2, 2, NA, 5, NA, 5, NA, 5, 1, 2, NA, 3, NA, 5, 4, NA, NA, NA, NA, NA, NA, NA, 3, NA, NA, 2), 
    dim = c(37, 6, 5), 
    dimnames = list(
        uids = c('840537', '871370', '871392', '871599', '871631', '871769', '872010', '872868', '872974', '873489', '874113', '885299', '885309', '885432', '885499', '885552', '885620', '885691', '885698', '885732', '886228', '886432', '886435', '886667', '886773', '886875', '886965', '891304', '891330', '892429', '893046', '895012', '895632', '895687', '897698', '898482', '900501'), 
        exercises = c('01-abbastanza_risparmi', '02-parole_incatenate', '03-u_inscatolate', '04-nave_piu_lunga', '05-tra_parentesi', '06-distesa_di_piramidi'), 
        kinds = c('uploaded', 'compiles', 'errors', 'diffs', 'oks')
    )
)

cases_170613 <- array(c(6, 6, 3, 13, 6, 6), dim = c(6, 1), dimnames = list(exercise = c('01-parole_graziose', '02-pipe', '03-mat_max_min', '04-jugs', '05-prodotto_di_matrici', '06-calcolatrice_senza_tasti'), c("cases")));

